Node 0	80.37725999999999	69.66784	75.63514	86.00908000000001	93.8802	80.15008	79.23934	79.92240000000001	87.79903999999999	78.30534	85.20236	88.3522	
Node 1	77.46294	78.48079999999999	83.1319	80.3269	81.71658000000001	73.24726	93.67790000000001	70.11498	80.26894	83.87715999999999	84.07914	85.78996	
Node 2	87.59824	80.61022	88.96142	82.82688	78.55136	93.22861999999999	82.02134	99.94448	84.25618	66.11376	98.9727	73.25106	
Node 3	66.6095	85.53028	83.75924	96.50731999999999	88.17746	86.70572	98.18430000000001	90.65208	59.2958	90.49718	85.31184	83.35084	
Node 4	80.86959999999999	87.6618	99.79748000000001	87.67286	94.28284000000001	86.50132	93.71437999999999	88.27172	86.44334	87.40544	81.87248	63.84044	
Node 5	88.89966	69.66784	72.5228	71.68722	83.58276000000001	61.279039999999995	82.2704	80.00342	78.86506	76.65346	85.74544	80.92074	
Node 6	88.89966	82.92974	72.41687999999999	74.12138	86.96224000000001	85.056	84.15224	81.43958	85.99738	84.56576	79.75408	58.47052	
Node 7	71.45434	78.1203	82.41507999999999	77.34478	73.3547	94.51934	76.38332	83.83442	66.12594	76.81312	79.98656	86.32492	
Node 8	74.54084	85.11336	76.80904	90.20783999999999	82.47482000000001	73.89256	88.54686000000001	73.75435999999999	57.01544	81.74405999999999	84.66951999999999	75.71198	
Node 9	69.85552	82.2312	96.03454	93.7048	85.8445	95.68666	96.0611	79.27242	97.10343999999999	80.94834	75.65316	78.07538000000001	
Node 10	71.48904	73.6818	80.68984	75.7788	79.0239	72.09440000000001	72.17635999999999	72.81345999999999	96.83606	75.87556	62.235640000000004	72.15314000000001	
Node 11	91.28062	82.0918	80.26948	79.69659999999999	92.38458	70.75222	80.83924	97.67402	79.73407999999999	90.65026	80.65002	77.91774000000001	
Node 12	73.3156	86.93334	79.60064	73.27376	90.18056	94.06788	82.19	66.30279999999999	99.04982	85.97941999999999	78.5749	83.03018	
Node 13	77.91481999999999	98.5068	81.46368000000001	84.19192	75.7125	65.27296	77.39776	72.15036	90.48482	80.0909	80.66482	69.80499999999999	
Node 14	72.35528	98.53414000000001	83.03994	82.7054	99.90558	83.69004	84.77055999999999	85.3797	81.08962	78.84358	95.20076	70.74144	
Node 15	98.95106	82.29638	79.6463	89.022	93.84772	87.83622	67.88614	79.40926	80.38216	69.75862000000001	82.34868	74.21522	
Node 16	76.6204	94.19036	96.52974	73.4701	83.10264000000001	71.28822	86.37205999999999	94.67258	96.84736000000001	77.27248	88.89590000000001	78.2855	
Node 17	74.86642	76.44218000000001	96.97538	76.6431	86.50306	73.16038	86.44332	84.94044	99.0157	73.8013	83.87152	69.58752	
Node 18	75.37686000000001	92.3861	98.78978000000001	96.2123	94.0674	78.83216	93.67790000000001	70.55616	72.66011999999999	82.56184	96.51946	82.8995	
Node 19	93.87248	81.59572	77.71137999999999	86.38018	81.3733	85.7273	97.0182	98.14778	80.94224	75.71318000000001	82.19232	79.86758	
Node 20	73.70576	82.37922	70.54975999999999	82.29298	78.5227	76.94214000000001	85.89882	94.35278	93.3925	89.8677	95.84056	90.84396	
Node 21	76.05198	70.87246	79.39788	80.42724	90.88836	80.4834	71.00468	79.51294	89.91778000000001	93.41738000000001	78.03012	72.78179999999999	
Node 22	91.44442000000001	76.86408	76.499	83.32164	82.75412	74.41744	83.08864	77.33686	99.50132	98.21482	75.00594000000001	76.21658	
Node 23	68.7362	68.10728	80.2368	83.39124	93.8802	78.80112	98.18430000000001	85.32146	67.66532	85.0201	80.71978	99.80318	
Node 24	66.36322	77.81757999999999	76.13806	87.272	84.86234	74.22854	74.89548	98.72868	77.57271999999999	92.87052	84.83030000000001	63.86116	
Node 25	72.85344	80.87282	84.96566	82.95734	84.66008000000001	88.99468	79.605	81.62042000000001	75.24328	93.41738000000001	64.66944	86.25352	
Node 26	92.22734	94.12204	93.69626	83.25278	82.4066	75.27294	79.52576	81.87968	76.00486	82.88124	74.67475999999999	79.64978	
Node 27	72.51162	68.54184	84.25574	76.6164	99.90558	86.99293999999999	76.90948	77.74406	80.02544	92.41478	72.72322	93.87214	
Node 28	38.61928	80.12076	96.97538	97.74642	87.0565	80.42868	81.03702	72.34906	80.18956	84.68384	96.51946	93.87214	
Node 29	77.03354	69.11840000000001	86.88692	84.41254	80.09606000000001	75.5679	88.75886	45.34132	84.50076	81.82692	80.5431	64.95324	
Node 30	87.95429999999999	99.0475	81.22458	77.49748	84.78802	71.20564	89.04896	84.57304	80.9831	70.11282	81.06674000000001	80.42264	
Node 31	78.92096	95.18448000000001	80.07286	89.84406	92.83742000000001	78.44014	93.1468	85.30004	99.15545999999999	93.01939999999999	75.9401	77.21066	
Node 32	62.75552	81.99894	84.59288000000001	94.35002	92.77618	89.00954	66.68008	92.36246	83.90208	80.81376	83.05572	90.88638	
Node 33	65.08954	83.41604000000001	84.7862	98.76116	94.66658	88.14892	78.56336	79.13652	76.47774000000001	90.58876000000001	85.97506	71.82532	
Node 34	92.41976	77.5545	72.34442	82.9546	89.0961	72.39908	98.83582	77.06706	95.48814	73.87532	74.02092	78.14514	
Node 35	77.53942	81.8659	82.34508000000001	75.39756	94.0674	80.40618	89.14616	83.14150000000001	73.23859999999999	90.49718	74.67631999999999	77.32332	
Node 36	88.89596	80.13228	90.70192	82.1829	79.68608	77.08504	83.2525	75.75528	71.78676	98.42874	81.91134	80.30897999999999	
Node 37	37.98606	81.50398	80.63818	72.07504	75.14046	87.8724	74.16622000000001	84.56053999999999	76.4985	80.66456	91.30178	82.14116	
Node 38	91.9798	98.5068	92.8011	87.68242000000001	82.89734	80.45626	95.76348	85.53775999999999	78.2822	81.67822	78.25037999999999	56.51798	
Node 39	69.68838000000001	81.27250000000001	77.74252	78.85444	87.63894	80.64644	50.880179999999996	80.37964	86.81094	82.95326	83.65044	75.24012	
Node 40	86.57804	81.56544	80.9984	80.48302000000001	78.3454	61.316559999999996	81.4675	80.19811999999999	64.07454	86.83762	78.14792	65.88802	
Node 41	81.94742000000001	77.2975	77.41338	72.21874	81.4147	78.4969	71.1173	77.20082000000001	76.06352	69.91374	81.22616000000001	73.607	
Node 42	73.56686	69.78854	84.52268	82.50482	72.90222	76.7849	81.52016	66.42962	94.72042	84.82514	74.11736	70.93730000000001	
Node 43	77.7647	73.15618	81.02148	79.31102	82.55304	59.967000000000006	80.65830000000001	79.76734	79.39789999999999	84.87782	78.45982000000001	65.46594	
Node 44	76.6853	84.23456	70.88284	77.92764	87.08018	77.2948	67.6566	78.33210000000001	78.59486	68.43494	80.67642000000001	84.99486	
Node 45	75.93654	77.33508	82.33158	88.90338	90.82639999999999	81.66347999999999	72.81345999999999	82.98982000000001	85.72503999999999	77.19958	80.61102	59.06287999999999	
Node 46	76.56936	80.35498	70.13628	81.124	71.24517999999999	76.27838	76.8635	84.58702	79.48234	80.31156	78.89846	76.2418	
Node 47	62.116119999999995	78.55272	83.79528	72.6374	79.35592	78.9969	80.66342	75.38944	90.59288	84.44906	89.60976000000001	85.80506	
Node 48	72.61694	73.58474000000001	80.88188	80.0566	78.22612	79.56385999999999	71.41178000000001	86.60398	60.45528	82.59878	82.90538	80.52924	
Node 49	65.56818	84.18451999999999	77.5531	70.75844000000001	82.0597	73.20558	86.67988	75.72048	76.86754	74.56438	88.49430000000001	78.1858	
Node 50	67.31089999999999	69.1776	78.73054	85.20212000000001	82.6548	86.02807999999999	76.09685999999999	86.99248	48.3861	81.3652	70.05072	80.7786	
Node 51	79.51366	79.43886	91.93044	98.75045999999999	78.4596	78.58362	74.43258	71.30178000000001	78.77128	82.97748	79.6647	78.80802	
Node 52	74.70392	77.18798	67.87379999999999	93.176	74.9803	70.3155	82.5361	78.06886	71.74172	69.30138	70.6665	63.390080000000005	
Node 53	68.7288	83.69632	83.02626	77.62602	80.46155999999999	74.40729999999999	79.04934	77.52766	75.82252	82.00094	73.74316	84.55106	
Node 54	58.406780000000005	80.76536	82.11110000000001	93.41192000000001	87.01140000000001	78.09909999999999	80.3583	71.31678000000001	69.8442	78.36548	82.57612	74.10264	
Node 55	74.47373999999999	86.41792000000001	72.66426	85.50012	70.82378	69.92178	69.70996000000001	84.13007999999999	91.893	76.00908	86.2826	71.96848	
Node 56	67.63566	73.55792	80.11970000000001	83.48474	96.06864	63.7305	95.70926	76.27222	75.6965	83.67992	99.13656	84.16432	
Node 57	80.47004	81.88022000000001	69.01426000000001	85.50478	78.87498	83.03852	79.54137999999999	80.24072	76.90458	85.51014	81.80766	77.66154	
Node 58	86.16824	81.09756	78.57554	75.29204	83.05168	81.61924	70.73482	86.03986	85.93822	74.54608	99.79998	72.5778	
Node 59	86.62506	99.73926	75.30042	72.4828	79.2104	82.44561999999999	89.7624	72.88918	85.63968	80.0099	78.10748	82.41462	
Node 60	63.87336	78.08564	69.21224000000001	80.96773999999999	83.49064	76.38080000000001	79.38503999999999	81.09452	78.26758000000001	81.12068000000001	83.85998000000001	80.08846	
Node 61	76.85022000000001	73.32822	84.66456	74.41786	87.34536	87.06439999999999	76.17416	99.94448	85.59008	80.09312	88.54934	72.31564	
Node 62	34.51934	83.02588	82.30897999999999	77.39482	75.40234	66.23824	66.66114	74.49802	71.88647999999999	74.54764	87.29936000000001	74.03192	
Node 63	77.71738	97.3062	82.50534	70.38772	85.42187999999999	82.0722	69.7178	84.89116	79.22356	83.39457999999999	78.66554000000001	70.06331999999999	
Node 64	71.55992	81.40706	84.55556	77.65976	81.9698	77.09804	78.06908	85.25116	85.91884	76.59966	80.58341999999999	73.99552	
Node 65	72.17708	75.07594	82.54048	75.88036	86.24918000000001	70.82751999999999	82.41864	82.62814	82.98216000000001	79.39376	72.28102	69.07632	
Node 66	72.51442	74.72172	73.40538	83.0533	79.21866	71.44268	76.21648	73.83978	71.18362	75.28424	70.82378	82.83464000000001	
Node 67	77.93806	83.72142	86.05196000000001	81.95422	83.54858	83.90642	75.40568	88.63723999999999	68.63776	76.602	79.90914000000001	66.30282	
Node 68	69.38972	73.4517	82.14488	80.78002	84.06352	79.63688	77.09949999999999	56.7053	80.82926	72.81692	99.13656	80.2002	
Node 69	70.27598	77.06994	82.23696000000001	75.11576	85.6206	65.56457999999999	83.86955999999999	75.87858	72.1875	73.53312	87.42594	77.32795999999999	
Node 70	80.41598	82.10322	81.2438	74.1515	72.06378	83.71046	68.32357999999999	76.08648	89.63838	77.3636	61.176520000000004	83.22868	
Node 71	79.41884	74.48304	86.0783	80.44428	86.80174000000001	69.54614	85.5213	88.80034	75.79942	85.46844	72.73686000000001	78.21791999999999	
Node 72	80.83713999999999	76.45384	81.43392	87.0236	90.74162	84.98097999999999	85.96152000000001	71.2397	82.29752	80.80612	85.11668	82.26492	
Node 73	73.15006	87.7009	81.34958	82.11606	79.71128	80.0936	77.99454	77.82388	85.98568	89.66128	78.17034000000001	74.61184	
Node 74	64.74879999999999	89.1209	79.38546	83.14712	77.0999	70.03782	75.58382	79.60544	84.8647	79.79152	61.66589999999999	75.69102	
Node 75	85.185	81.0103	79.10812	81.92439999999999	92.38458	60.014520000000005	85.24366	73.72012	94.0843	80.37208	77.57868	76.06739999999999	
Node 76	79.80026	75.37718	80.78116	78.96271999999999	82.11792	69.05674	47.023900000000005	57.4264	77.20595999999999	73.56278	83.83888	87.77672	
Node 77	77.65652	84.1528	95.48913999999999	84.38204	86.59192	83.75802	70.98548	71.29014000000001	89.41166	54.589960000000005	73.49356	72.76082000000001	
Node 78	72.30069999999999	73.26136	84.16818	84.64207999999999	80.82943999999999	74.39848	77.06752	98.14778	84.33542	83.30288	66.41078	78.54672000000001	
Node 79	70.50882	79.44666000000001	77.96694	82.72706	83.02372	75.06708	83.39117999999999	78.5293	81.88307999999999	83.80058	80.82812	82.99506	
Node 80	78.32382	83.71278	85.84548	94.35002	78.29787999999999	83.20868	93.62604	71.13028	81.58984000000001	78.86814	85.114	58.36002	
Node 81	76.2305	74.7983	90.70192	86.12492	76.5768	81.29106	77.446	86.31644	82.3857	97.00330000000001	59.39674	78.73672	
Node 82	79.07552	81.24662000000001	94.56444	86.45542	85.96298	76.46786	73.09242	66.93596000000001	70.165	74.7673	90.22677999999999	79.77004	
Node 83	76.15266000000001	76.40542	93.69626	79.46136	74.71664	75.39528	75.43298	76.63803999999999	65.449	84.0155	54.88578	80.12732	
Node 84	79.39188	88.10455999999999	86.79114	87.68356	89.65056	73.67704	75.92072	81.98394	85.63078	91.90426000000001	77.05575999999999	82.59474	
Node 85	87.32644	77.95298000000001	84.93692	97.5475	94.83468	73.44272	96.54388	78.94518000000001	64.37566	83.22977999999999	72.80874	85.71029999999999	
Node 86	75.68249999999999	95.09048	79.21564	77.18064	81.1689	77.51572	82.3121	93.99558	81.62556	97.46812	83.24376	90.10652	
Node 87	67.17999999999999	98.08756	80.18536	91.22185999999999	76.79738	77.72166	80.92398	86.31644	81.44954	82.05181999999999	95.20076	84.94048	
Node 88	73.20982000000001	85.01956	81.27794	78.02386	81.04346	83.69004	61.535019999999996	77.0001	80.42706	92.87052	67.37462	74.57696	
Node 89	54.53394	82.4803	88.39327999999999	74.41674	81.56264	66.04204	82.56202	82.46940000000001	81.12884	73.50132	77.54122	68.92094	
Node 90	80.3584	85.63576	93.54846	75.50668	86.85853999999999	85.8043	79.56618	83.03211999999999	87.48822000000001	75.19145999999999	86.72702	87.9163	
Node 91	95.49208	95.09048	82.39566	86.58572	87.65404	73.16476	90.22012000000001	88.3003	88.3162	70.42515999999999	68.55606	79.70392	
Node 92	91.53792	73.58474000000001	83.31748	75.13592	75.13592	89.2711	74.97034000000001	79.5313	67.16896	79.92346	70.31744	85.12336	
Node 93	84.44876000000001	97.98178	78.71401999999999	75.66382	81.21634	79.82718	93.50056	88.6868	59.859320000000004	96.5879	81.44386	80.52824	
Node 94	93.84336	78.75774	95.31812	81.56966	97.87312	67.10414	75.43298	97.45833999999999	81.11944	81.51084	81.07621999999999	74.49683999999999	
Node 95	75.04456	81.23782	82.5169	86.76648	85.95284	96.02720000000001	74.80044	88.63258	73.78753999999999	88.53288	67.37462	90.59534000000001	
Node 96	79.77774	93.2963	93.83848	80.20844	75.50278	70.54434	54.99642	84.85482	80.31076	88.6751	73.3545	67.98376	
Node 97	73.98678	83.08796000000001	80.11646	95.03116	83.9859	79.90366	85.57401999999999	70.91076	61.106660000000005	83.21378	82.66478000000001	94.62534000000001	
Node 98	84.30579999999999	95.53591999999999	74.65922	70.76694	82.59204	76.98032	79.95972	84.52978	99.15545999999999	80.22408	93.99448	90.88638	
Node 99	76.32032	79.14648	86.87407999999999	73.04614000000001	92.7339	92.62886	88.47808	84.97836	69.79164	71.76249999999999	85.89681999999999	83.7732	
Node 100	89.76548	78.17092	88.64774	86.66852	75.12308	76.2351	82.5081	86.04648	69.1301	78.69467999999999	61.71038	79.4949	
Node 101	78.2831	87.97122	87.9128	84.8565	92.7339	72.88998	77.58136	92.32994	76.198	71.2353	79.75912	81.01808	
Node 102	90.80636	82.80566	80.67432	79.9672	84.05718	75.11250000000001	87.50854	75.60835999999999	91.91014	84.87136	85.42530000000001	84.1487	
Node 103	79.1397	76.75216	84.10486	83.85000000000001	87.82884	68.04726	81.7478	97.67402	91.91744	84.08088000000001	73.30216	75.3584	
Node 104	76.68912	87.11988000000001	87.83298	81.47670000000001	91.69426	81.02702000000001	72.27782	86.70124	78.05322	77.39508000000001	76.09797999999999	77.75182000000001	
Node 105	77.07372	81.06784	90.70192	94.24604	77.3003	86.15916	75.16864	99.94448	77.36298000000001	82.74778	70.0325	86.25352	
Node 106	83.32456	79.9159	80.63818	81.07424	85.76326	71.56514	86.65774	80.60732	72.6207	82.75268	65.94337999999999	73.73706	
Node 107	80.6283	86.7717	87.67178	93.7048	75.60334	66.2872	78.03179999999999	90.42878	83.0098	86.24032	81.31408	88.72108	
Node 108	73.69698	82.70958	83.2911	76.53578	80.81085999999999	83.37084	90.29026	77.13338	97.10343999999999	82.74778	85.31718000000001	87.8909	
Node 109	69.10300000000001	86.00324	69.91576	84.40262	98.57576	84.52730000000001	70.53580000000001	85.18082	75.67152	66.52494	84.48214	78.10182	
Node 110	88.88522	97.88548	98.94948	83.66872	82.72564	78.1853	76.32918	79.32867999999999	70.41602	81.82086	77.99553999999999	92.97806	
Node 111	88.33838	81.4776	75.90296	81.84698	74.9845	73.5534	84.20588	81.76898	83.94592	83.0005	88.17160000000001	97.64092	
Node 112	98.99994	88.31188	88.98088	83.66408	79.92757999999999	84.93444	82.57072	80.014	80.6326	63.31236	80.11884	99.82974	
Node 113	80.62654	92.3861	79.34832	78.80954	76.05228000000001	88.7629	83.53662	73.46372	76.35154	85.33032	79.95552	74.39214	
Node 114	75.5397	77.14334000000001	83.158	83.76912	81.55532	74.07902	90.22012000000001	80.61238	88.4963	81.99828	78.12402	86.23362	
Node 115	93.84336	97.81917999999999	77.9507	90.66758	79.79212	84.21836	81.57936	96.481	70.75242	76.04368000000001	81.75028	69.64865999999999	
Node 116	84.4648	77.40302	84.89564	79.05292	80.12168	66.20703999999999	73.30444	96.4886	72.51714	73.30886	80.59136	86.53764000000001	
Node 117	94.64174	80.86964	69.28668	91.85531999999999	80.76308	78.29212	81.5146	78.68732	82.60925999999999	91.41080000000001	81.43002	82.89036	
Node 118	73.63132	95.39828	96.81729999999999	97.85983999999999	77.06568	91.9193	89.77264000000001	99.38802	99.0157	79.16574	69.61036	65.80656	
Node 119	95.10558	80.86926	87.81006000000001	81.53312	76.52402000000001	85.99896	89.3044	68.28104	93.77748	97.38928	68.61236	81.45316	
Node 120	28.756784000000003	64.2465	99.857028	99.956366	98.385178	97.099638	88.853416	81.456832	98.93115	99.996528	95.61639600000001	93.330352	
Node 121	28.756784000000003	63.287881999999996	98.631506	99.956366	98.385178	97.099638	88.853416	81.456832	98.93115	99.29965800000001	95.61639600000001	93.330352	
Node 122	21.890104	48.906686	67.61228799999999	88.919646	98.11308600000001	91.97689	88.21686600000001	92.013482	92.36745400000001	82.045154	87.538368	87.454296	
Node 123	20.42975	66.657632	98.285184	97.573036	98.84891	82.907612	75.590888	85.139934	94.517792	95.247096	96.521376	85.044664	
Node 124	24.216076	56.64885400000001	88.301	99.335852	98.201872	92.811308	91.281626	96.158906	92.630902	94.891406	82.861214	93.784598	
Node 125	14.842182000000001	64.04706999999999	91.918676	98.01867399999999	97.068374	82.90500200000001	76.8844	98.00211399999999	86.888594	94.579028	77.80331000000001	65.905494	
